0 0.30390625 0.371527777778 0.1 0.601388888889
1 0.30234375 0.875 0.15 0.191666666667
1 0.83359375 0.834027777778 0.1125 0.131944444444
1 0.722265625 0.582638888889 0.01796875 0.0430555555556
1 0.76484375 0.577777777778 0.0140625 0.075
1 0.512890625 0.696527777778 0.01796875 0.0569444444444
1 0.5625 0.693055555556 0.0140625 0.05
1 0.809765625 0.697222222222 0.01953125 0.0361111111111
1 0.85390625 0.698611111111 0.028125 0.0472222222222
1 0.73671875 0.442361111111 0.021875 0.0402777777778
1 0.7828125 0.438194444444 0.0421875 0.0319444444444
